>>ArcA-1
log-odds matrix: alength= 4 w= 30 n= 6795 bayes= 7.22882 E= 1.9e-021 
   114    -22  -1214    -86 
    98  -1214  -1214     39 
    81    -90  -1214     23 
   -72     36   -201     67 
   -72   -222    185   -127 
  -371    -42   -201    127 
    19    -42     80    -69 
    81  -1214     99   -127 
  -172    173    -42   -185 
    98    -90    -42    -86 
    68     10    -42    -86 
    60    -64  -1214     39 
   124    -64   -142   -153 
   141   -122   -142   -227 
   -26     -5    -68     47 
  -113    -42    164   -105 
  -272   -122     16    105 
   -91     48    -68     47 
   137  -1214    -68   -127 
   -72     68    -42     14 
    45   -122    -20     14 
  -172  -1214   -201    143 
   -55   -164    -68     95 
   -91   -322   -101    119 
   -72    -22  -1214    100 
     9  -1214     32     54 
  -371     10    116     14 
   -26   -164  -1214    110 
    98   -322   -101     -5 
   104  -1214    -42    -27 
>>ArcA-2
log-odds matrix: alength= 4 w= 25 n= 3510 bayes= 8.70341 E= 3.5e+000 
   142   -997     -2   -997 
    75   -997   -997     75 
   175   -997   -997   -997 
    43   -997   -997    101 
  -157    198   -101   -997 
   -57    198   -997   -997 
    75   -997     -2      1 
  -997    131     -2      1 
   159   -997   -997   -157 
     1    179   -997   -997 
    75   -101   -101      1 
   -57   -997    131      1 
  -997     -2   -997    142 
    75   -101   -101      1 
   123   -997     -2   -157 
    43   -997     98    -57 
  -997     98   -997    101 
   159   -997   -101   -997 
  -997   -997     -2    142 
  -997     -2    157    -57 
  -997   -997    157     43 
  -997     57   -997    123 
  -997     57   -997    123 
   -57   -997     -2    101 
  -997     -2   -997    142 
>>ArgP
log-odds matrix: alength= 4 w= 30 n= 5285 bayes= 7.22882 E= 4.3e-077 
   171   -283   -276  -1177 
   125     -2   -176   -247 
    99     98   -276  -1177 
  -233    -83     56     78 
    99   -283     24    -88 
    58  -1177    105    -88 
   113     -2   -117   -188 
  -333  -1177    -17    134 
  -133   -183    -76    118 
   -74   -183      5     85 
   -52  -1177    -44    106 
  -101  -1177    149     -1 
   -74    156   -276    -66 
  -133   -283   -276    139 
   -74  -1177     24     92 
 -1177    -51    170    -47 
   106     49  -1177   -147 
  -101   -125   -117    112 
  -174  -1177     83     85 
  -101    181   -117   -247 
   113   -125   -176    -47 
  -333    -51     41     85 
  -233   -283    189    -66 
   -74    134    -76    -66 
   119   -283    -44    -88 
   158   -283   -176   -247 
 -1177  -1177    194    -30 
 -1177    181   -176    -47 
  -174   -183    189   -115 
  -233   -183    200   -147
>>Cra
log-odds matrix: alength= 4 w= 29 n= 3800 bayes= 7.2384 E= 3.5e-050 
   108     83   -250  -1129 
   142    -75    -92  -1129 
   -83     66     49    -52 
  -283     47    108    -52 
 -1129     -2    108     16 
  -124    -34    140   -125 
   163  -1129    -92  -1129 
   -51   -134  -1129    133 
    87     25    -92   -125 
   126   -134   -150    -84 
   181  -1129  -1129  -1129 
   175  -1129   -250  -1129 
    49  -1129     66    -25 
  -183     98   -250     75 
  -283  -1129    189   -125 
 -1129   -234  -1129    175 
 -1129  -1129    174    -25 
    63     47      8   -283 
   -83    -75     82     16 
 -1129  -1129    140     48 
  -283    112    -18     16 
  -124   -234     82     62 
    17     25     95  -1129 
    49  -1129    140  -1129 
   -51   -134  -1129    133 
  -124     98     95   -283 
   108     66  -1129   -184 
    -2    -34    130  -1129 
   134   -134    -51   -283 
>>CysB-2
log-odds matrix: alength= 4 w= 29 n= 3648 bayes= 7.2384 E= 8.4e-037 
   -41   -233  -1123    114 
  -173  -1123  -1123    143 
   144  -1123  -1123    -45 
 -1123    -74     26     97 
  -273    -74  -1123    129 
  -273    184   -106   -144 
   -73    148    -48   -144 
   -14     67     -6    -45 
   -14  -1123    -48     88 
   -41   -233  -1123    114 
    59    -33  -1123     29 
   -73  -1123     26     88 
 -1123     48    152    -71 
   -14   -233    126    -22 
   144   -133  -1123   -103 
   118     -1   -206   -144 
  -173     -1   -106     88 
 -1123  -1123    -48    136 
   118     48  -1123   -203 
  -273    113    152  -1123 
    59  -1123   -206     67 
    27     67  -1123     -3 
   166  -1123   -106   -303 
 -1123  -1123  -1123    155 
 -1123     84   -106     67 
    44     84     26   -303 
    27     99  -1123    -45 
   -41     67  -1123     43 
   179  -1123   -206  -1123
>>EvgA
log-odds matrix: alength= 4 w= 29 n= 3536 bayes= 8.89735 E= 2.2e-005 
  -897   -897   -897    169 
  -897   -897   -897    169 
  -897     10      2     95 
  -897   -897   -897    169 
  -897   -897    234   -897 
    39    110   -897    -63 
   139   -897      2   -897 
    97    110   -897   -897 
   -61   -897    161    -63 
    39   -897    161   -897 
   -61    110    102   -897 
    39   -897   -897     95 
   -61   -897   -897    136 
    39   -897   -897     95 
  -897   -897   -897    169 
  -897    242   -897   -897 
  -897     10   -897    136 
  -897   -897   -897    169 
   171   -897   -897   -897 
  -897    242   -897   -897 
   139   -897      2   -897 
  -897     10    161    -63 
   -61     10      2     36 
   -61   -897   -897    136 
  -897   -897    234   -897 
  -897   -897   -897    169 
   171   -897   -897   -897 
  -897   -897    234   -897 
  -897   -897    161     36 
>>Fnr-1
log-odds matrix: alength= 4 w= 16 n= 5775 bayes= 7.35755 E= 1.1e-013 
 -1177   -281    181     -1 
   101    -49    -39   -147 
    94    -81    -12   -114 
    62      0  -1177     12 
  -106     19  -1177     99 
  -138   -122     88     53 
  -337    -22   -112    118 
   -38   -281    181   -188 
   127    -81    -39   -346 
 -1177  -1177    205    -47 
 -1177    215  -1177   -147 
    87   -281    -71     -1 
   167  -1177   -171  -1177 
   108      0  -1177    -88 
   153   -281    -71  -1177 
    21  -1177     88     -1 
>>Fnr-2
log-odds matrix: alength= 4 w= 16 n= 9075 bayes= 7.35755 E= 8.0e-043 
  -165  -1243     -2    125 
   -97  -1243   -148    139 
 -1243    103  -1243     91 
  -297     14  -1243    128 
 -1243   -256    157     28 
    73    -39     52   -204 
   108     14   -148   -172 
 -1243     69     43     35 
  -297    209   -247   -404 
    28    -97    -48     42 
   139   -156    -15  -1243 
   142   -156   -347   -104 
   179  -1243   -347  -1243 
    99   -256    -31    -34 
   108   -356  -1243     35 
  -197   -356    157      5 
>>Fnr
log-odds matrix: alength= 4 w= 15 n= 7750 bayes= 8.21469 E= 2.2e-003 
    43  -1134  -1134    110 
   135    -89   -247   -131 
 -1134  -1134   -247    175 
 -1134    -89  -1134    163 
   -89  -1134    198  -1134 
   156    -89  -1134   -289 
  -289    -89  -1134    156 
  -131    111    -15    -31 
   -89    -15   -147    101 
    56    -48     52   -131 
    -9     33     85   -189 
    69     11  -1134     10 
  -189  -1134   -247    163 
 -1134    169  -1134     10 
   175  -1134   -247  -1134
>>Fur-1
log-odds matrix: alength= 4 w= 30 n= 7046 bayes= 8.7436 E= 9.4e-036 
   112  -1081   -204     26 
  -233    -93  -1081    158 
  -134   -193    155    -74 
    -2     87    -45    -74 
   125   -193  -1081      0 
   157  -1081   -204   -133 
   157  -1081   -104   -232 
  -233    -93  -1081    158 
   -34  -1081    177  -1081 
   157    -35  -1081  -1081 
    -2  -1081     -4     84 
   183  -1081  -1081  -1081 
   157  -1081  -1081    -74 
  -134   -193  -1081    158 
    66    -93     55   -133 
   147   -193    -45  -1081 
 -1081  -1081  -1081    184 
  -134  -1081  -1081    167 
   125    -93   -104   -133 
 -1081   -193   -204    167 
 -1081    187   -204    -74 
   157   -193   -104  -1081 
    25  -1081   -204    113 
   -34  -1081   -204    137 
    66      6   -104    -33 
    -2    106   -104    -74 
    47     65  -1081      0 
   112  -1081     28   -133 
    -2   -193  -1081    126 
  -233   -193   -204    158 
>>GadEWX
log-odds matrix: alength= 4 w= 28 n= 2730 bayes= 8.82655 E= 8.0e-004 
  -923    100   -923    109 
   135   -923    -22   -923 
  -923   -923   -923    168 
     3    158   -923    -90 
   161   -923   -923   -923 
   135   -923    -22   -923 
   103      0    -22   -923 
   161   -923   -923   -923 
   -97   -923   -923    141 
  -923    232   -923    -90 
   161   -923   -923   -923 
  -923   -923    236   -923 
   161   -923   -923   -923 
  -923    200   -923      9 
   103      0   -923    -90 
  -923   -923    -22    141 
  -923   -923    -22    141 
     3   -923   -923    109 
     3   -923   -923    109 
   -97   -923   -923    141 
   135      0   -923   -923 
  -923      0   -923    141 
   -97    100    -22      9 
  -923   -923    -22    141 
  -923    158   -923     68 
   135   -923   -923    -90 
    61    100    -22   -923 
  -923   -923   -923    168 
>>GalR+GalS
log-odds matrix: alength= 4 w= 30 n= 5285 bayes= 7.22882 E= 7.0e-261 
   131    -33  -1177   -190 
  -180  -1177    -94    137 
   156    -91  -1177  -1177 
   147    -91   -152  -1177 
  -239  -1177  -1177    155 
  -239    189  -1177   -117 
   161   -191  -1177   -349 
  -239    179  -1177    -68 
 -1177   -191   -252    151 
  -180  -1177  -1177    151 
   142  -1177   -152   -117 
   147  -1177      6  -1177 
  -107   -291  -1177    137 
 -1177    189  -1177    -68 
  -239   -291    238   -249 
  -239    195    -52  -1177 
 -1177   -291    257  -1177 
  -339    217  -1177  -1177 
   125  -1177     80  -1177 
   -22   -291  -1177    115 
   161  -1177   -252   -249 
   165  -1177   -152  -1177 
   142  -1177  -1177    -68 
   147  -1177   -252   -117 
   165   -191  -1177  -1177 
   152    -59  -1177  -1177 
 -1177    184  -1177    -49 
  -339    -59    234  -1177 
  -339   -133    243  -1177 
 -1177    189  -1177    -68 
>>Lrp
log-odds matrix: alength= 4 w= 30 n= 5889 bayes= 7.22882 E= 3.9e-082 
  -262    204     47  -1193 
   -82    168    -26   -137 
     8     75     32   -111 
   -45  -1193    206  -1193 
  -104    204  -1193   -111 
   108   -171    -53   -111 
  -162  -1193     32    101 
   123   -271    -85   -137 
   102  -1193    -26    -69 
   -82  -1193    -26    101 
  -362    193   -285    -11 
   -62    146    -85    -52 
  -262    154     32    -52 
 -1193    187     74   -211 
  -362   -112     32    101 
   -45    -39    179  -1193 
    -4    -39    147   -269 
    84     75   -285   -137 
  -204   -171     15    101 
  -204   -112    196   -137 
    90     10   -285    -69 
  -262     75     -4     56 
   102  -1193   -126    -23 
   -30    -13    167  -1193 
  -362     10   -285    122 
   -62     29    124   -111 
   102     10    -26   -369 
   102    -39     32  -1193 
  -362    -13   -126    117 
  -104   -271  -1193    131 
>>NagC
log-odds matrix: alength= 4 w= 21 n= 3520 bayes= 7.31288 E= 2.0e-021 
    15    -65    148  -1110 
   125   -123  -1110    -42 
    -7    147  -1110   -116 
   115    -65   -111   -116 
   180  -1110  -1110  -1110 
   180  -1110  -1110  -1110 
   167   -123  -1110  -1110 
   -33    -65    122    -74 
   -65    -65    122    -42 
    15    123   -210   -116 
    15  -1110    180  -1110 
  -165      9  -1110    116 
   -65      9    148   -274 
    52    -23    -52    -16 
 -1110    158    -52    -42 
  -107   -123    106     25 
    35  -1110  -1110    106 
  -265    -23  -1110    134 
  -165  -1110    170    -16 
  -165     35    159   -274 
  -165  -1110  -1110    158 
>>Nac
log-odds matrix: alength= 4 w= 30 n= 6342 bayes= 7.22882 E= 2.8e-057 
  -353    -19  -1204    132 
   -21     98     79  -1204 
   122     13    -69  -1204 
  -121    151  -1204    -26 
   171   -161   -301  -1204 
   142   -119  -1204    -91 
  -353     -2     98     28 
    17    139   -301   -172 
   -53    -61  -1204    109 
    27    -61    138   -372 
   105    -19   -143    -91 
   117   -219   -102    -40 
   -53   -119     79     28 
   147  -1204     -2   -272 
   132    -19  -1204   -140 
   151    -87  -1204   -172 
  -121   -319     57     86 
   -21     39  -1204     60 
   -53   -319     15     86 
 -1204   -219    -69    141 
 -1204    -38    179    -91 
   -73     71   -301     53 
   -73    127   -301    -14 
    27   -119     44     -2 
   -95    -38    179   -372 
     5   -319    -43     80 
   -36    -38    -43     60 
     5  -1204     57     45 
   -53    133    -21   -172 
   -36    -87    151   -140 
>>PhoP
log-odds matrix: alength= 4 w= 29 n= 2736 bayes= 7.2384 E= 8.0e-013 
 -1081    -80  -1081    144 
   -82   -180     28     76 
  -141    -80    145    -24 
 -1081  -1081  -1081    161 
   -41  -1081     60     61 
  -141   -180  -1081    134 
   118  -1081   -172    -24 
    -9    -80    -14     44 
   118    -22    -14  -1081 
    91    -80   -172    -24 
    -9   -180  -1081    102 
  -241    120  -1081     61 
    40    -80     86    -98 
    76   -180     28    -56 
 -1081  -1081  -1081    161 
 -1081  -1081   -172    152 
  -241    -80    198   -156 
   159  -1081  -1081   -156 
  -241  -1081    128     61 
    40    152   -172  -1081 
  -241    137     28    -56 
  -141   -180   -172    124 
   118    -22  -1081    -98 
    59     78    -72   -156 
 -1081     78     86      2 
 -1081    -80     60     90 
   -82    -80     60     44 
   -41    120   -172    -24 
   129   -180    -72   -156 
>>NtrC+RpoN
log-odds matrix: alength= 4 w= 27 n= 8494 bayes= 8.71251 E= 1.3e-006 
   127  -1104   -122    -27 
   -54  -1104    -22    110 
    78   -216  -1104     73 
    63  -1104   -122     73 
  -154  -1104  -1104    165 
 -1104  -1104    178    -27 
  -154    192   -222   -259 
   155    -58   -222  -1104 
   -22   -117     59     21 
    27     16     36   -101 
    27  -1104    -22     73 
  -154    -58  -1104    140 
  -253   -117   -222    149 
    46   -117    -22     21 
    78  -1104     95   -159 
  -253   -216  -1104    165 
     5  -1104    159   -259 
  -253    208   -222  -1104 
    46    129   -222   -259 
   105    -58  -1104     -1 
    63   -117     78   -159 
     5     16   -122     40 
   -54     16    -22     40 
     5   -216   -122     99 
 -1104  -1104     36    131 
  -154  -1104    -22    131 
   105    -17    -63   -159 
>>RpoS
log-odds matrix: alength= 4 w= 15 n= 11952 bayes= 7.36632 E= 8.4e-028 
   -97      1    -72     80 
    52    -90     86   -137 
  -112     17   -157     91 
  -129    145    -72   -120 
    46  -1281    111    -67 
    -4   -249      1     76 
  -429    183  -1281    -91 
  -129   -407   -389    158 
   171  -1281  -1281   -137 
   -83      1   -389    105 
    17   -175    123   -105 
  -148    151     -9   -279 
 -1281    -49  -1281    154 
 -1281   -207   -231    165 
   117   -407   -157      9 
>>TyrR
log-odds matrix: alength= 4 w= 30 n= 2265 bayes= 7.22882 E= 2.9e-027 
    95  -1055  -1055     59 
    95     73  -1055   -122 
 -1055     -1    -67    110 
  -205  -1055    165    -22 
    53   -159  -1055     78 
   153  -1055  -1055    -63 
   153   -159    -67  -1055 
  -205    -59  -1055    136 
  -105    -59     92     10 
    -5    -59  -1055     95 
    27   -159    114   -122 
 -1055     -1   -167    124 
  -205  -1055   -167    148 
    53  -1055     33     10 
  -205  -1055     -8    124 
 -1055    -59  -1055    148 
   -47  -1055    114     10 
   153  -1055  -1055    -63 
 -1055    199  -1055    -63 
   165   -159   -167  -1055 
    75    122  -1055   -222 
  -205  -1055     -8    124 
 -1055  -1055    -67    148 
   -47    187  -1055   -222 
   185  -1055  -1055  -1055 
   -47  -1055   -167    124 
   -47     99    -67    -22 
    -5    173   -167  -1055 
 -1055   -159    -67    136 
 -1055    141  -1055     59 
>>CpxR
log-odds matrix: alength= 4 w= 30 n= 7852 bayes= 7.22882 E= 2.4e-036 
    96     14    -14   -297 
    -4    -12    -87     49 
  -126    -28    140    -97 
   -68   -145    -65    103 
    24    -12     79   -139 
   140    -86  -1234    -97 
   155   -186  -1234   -117 
     6   -186  -1234    111 
   -15   -344     12     73 
    15   -186  -1234    107 
  -126    136      0   -117 
   132    -86   -146   -139 
   -52   -145    145    -97 
  -104    114    -46    -27 
  -185     64    106    -97 
    55     25   -114    -27 
   -39     72    -65      3 
  -226  -1234    186    -80 
  -384    -86  -1234    152 
  -104    -86    -87    107 
   -52      1    -14     42 
    -4     25     45    -65 
   124  -1234    -29    -80 
  -152    146  -1234     11 
  -284  -1234   -146    155 
  -104   -112     79     42 
   -52     64      0    -17 
   -85    101   -114     11 
 -1234    -28    118     20 
  -126     14  -1234    111 
>>ExuR/FucR
log-odds matrix: alength= 4 w= 47 n= 1833 bayes= 8.83684 E= 3.8e-004 
  -865   -865    226   -865 
  -865    126    126   -865 
  -865    184   -865    -22 
    78    126   -865   -865 
   -22   -865    184   -865 
  -865    226   -865   -865 
  -865   -865    226   -865 
  -865    184     26   -865 
  -865    226   -865   -865 
   136     26   -865   -865 
  -865     26    126    -22 
  -865   -865     26    136 
   136   -865     26   -865 
   -22    184   -865   -865 
   -22   -865   -865    136 
   -22     26    126   -865 
  -865     26    126    -22 
  -865    226   -865   -865 
    78    126   -865   -865 
   -22   -865   -865    136 
  -865     26   -865    136 
   -22   -865    184   -865 
  -865    226   -865   -865 
   -22   -865   -865    136 
  -865     26    126    -22 
   -22   -865   -865    136 
  -865    126   -865     78 
  -865   -865    126     78 
  -865   -865   -865    178 
  -865    226   -865   -865 
    78   -865   -865     78 
  -865   -865    226   -865 
  -865     26    126    -22 
  -865     26     26     78 
   178   -865   -865   -865 
   136     26   -865   -865 
  -865   -865   -865    178 
  -865   -865    226   -865 
  -865   -865     26    136 
  -865    226   -865   -865 
  -865    126     26    -22 
  -865    184   -865    -22 
  -865   -865     26    136 
   136     26   -865   -865 
  -865    226   -865   -865 
   136   -865   -865    -22 
   178   -865   -865   -865 
 >>CysB
log-odds matrix: alength= 4 w= 41 n= 1313 bayes= 8.28364 E= 3.1e-001 
  -897     89    147   -897 
  -897   -897   -897    181 
  -897   -897   -897    181 
   181   -897   -897   -897 
  -897   -897    -11    149 
   -51   -897   -897    149 
  -897    221   -897   -897 
  -897    189    -11   -897 
    49    -11    -11    -51 
  -897   -897   -897    181 
  -897    -11   -897    149 
   -51    -11   -897    108 
   -51   -897    -11    108 
  -897    -11    189   -897 
    49    -11    -11    -51 
   108   -897   -897     49 
   108    -11   -897    -51 
  -897    -11    -11    108 
  -897   -897   -897    181 
    49     89   -897    -51 
   -51     89     89   -897 
   -51   -897   -897    149 
   -51    -11   -897    108 
   181   -897   -897   -897 
  -897   -897   -897    181 
  -897    147   -897     49 
   -51    -11     89    -51 
  -897    189   -897    -51 
   -51    147   -897    -51 
   108    -11    -11   -897 
    49   -897   -897    108 
   -51    -11   -897    108 
  -897    189    -11   -897 
  -897     89     89    -51 
  -897   -897    189    -51 
   -51   -897   -897    149 
   108     89   -897   -897 
  -897   -897   -897    181 
    49   -897   -897    108 
  -897   -897   -897    181 
   108     89   -897   -897 
>>PrpR
log-odds matrix: alength= 4 w= 40 n= 660 bayes= 7.35755 E= 3.6e-003 
   172   -865   -865   -865 
  -865   -865    234   -865 
   -28    134   -865    -28 
  -865    192     34   -865 
   131   -865   -865    -28 
   131   -865   -865    -28 
   172   -865   -865   -865 
  -865   -865    234   -865 
  -865    234   -865   -865 
  -865     34     34     72 
   -28     34    134   -865 
   131   -865   -865    -28 
    72   -865   -865     72 
   -28     34   -865     72 
  -865    234   -865   -865 
   -28   -865    134    -28 
    72     34   -865    -28 
  -865   -865   -865    172 
  -865   -865    134     72 
   -28   -865   -865    131 
  -865   -865   -865    172 
   131   -865     34   -865 
  -865   -865   -865    172 
  -865     34    192   -865 
   172   -865   -865   -865 
   -28   -865   -865    131 
  -865     34   -865    131 
  -865   -865   -865    172 
  -865   -865    192    -28 
  -865     34    192   -865 
  -865   -865   -865    172 
  -865   -865   -865    172 
   -28    192   -865   -865 
   131   -865   -865    -28 
    72     34   -865    -28 
   -28   -865   -865    131 
  -865   -865     34    131 
  -865    234   -865   -865 
  -865   -865     34    131 
  -865   -865   -865    172 
>>Pyruvate
log-odds matrix: alength= 4 w= 21 n= 1080 bayes= 7.93342 E= 2.2e+001 
  -923   -923   -923    175 
    17   -923    -28     75 
  -923   -923    171     17 
   -83   -923     72     75 
  -923   -923    204    -83 
   -83    171   -923    -83 
  -923   -923   -923    175 
   -83   -923    171    -83 
   -83   -923   -923    149 
   116     72   -923   -923 
    17     72     72   -923 
   -83   -923    171    -83 
  -923    171     72   -923 
   -83    130     72   -923 
   -83   -923    204   -923 
    17    -28    -28     17 
  -923    -28    171    -83 
   175   -923   -923   -923 
  -923   -923    204    -83 
  -923   -923   -923    175 
  -923   -923   -923    175  
>>FecI
log-odds matrix: alength= 4 w= 6 n= 585 bayes= 7.59991 E= 1.7e+003 
  -823    223   -823   -823 
  -823   -823    223   -823 
  -823    223   -823   -823 
  -823   -823    223   -823 
  -823   -823   -823    180 
  -823   -823   -823    180
>>AllR/AraC/FucR
log-odds matrix: alength= 4 w= 20 n= 1357 bayes= 7.59139 E= 1.5e+001 
  -945    150   -945     52 
   126   -945     50   -945 
  -945   -945    231   -945 
    -6    -49   -945     93 
   126   -945     50   -945 
   174   -945   -945   -945 
   126   -945   -945     -6 
  -106   -945   -945    152 
    -6    -49   -945     93 
    52   -945   -945     93 
  -106    -49     50     52 
  -945   -945   -945    174 
  -945    109    150   -945 
  -945    231   -945   -945 
   126    -49    -49   -945 
    93   -945   -945     52 
  -106     50    150   -945 
  -945    -49    -49    126 
  -945    -49   -945    152 
  -945    -49   -945    152
>>PurR-2
log-odds matrix: alength= 4 w= 13 n= 2372 bayes= 8.20701 E= 5.0e-003 
   -11   -965    171   -965 
  -965    212   -965   -965 
  -965    -88    193   -965 
   -11    144    -88   -965 
   189   -965   -965   -965 
   189   -965   -965   -965 
    89    -88     71   -965 
  -965    212   -965   -965 
  -965   -965    212   -965 
  -111    -88     71     47 
  -965   -965    -88    169 
  -965   -965   -965    189 
  -111   -965     12    121
>>FadR/IclR
log-odds matrix: alength= 4 w= 19 n= 2842 bayes= 8.50525 E= 5.6e-002 
  -945   -945     32    139 
  -945   -945    164      7 
   188   -945   -945   -945 
    66   -945    -68     66 
  -945     91    132   -945 
   107    -68   -945      7 
   -92   -945    191   -945 
  -945   -945    213   -945 
  -945   -945   -945    188 
  -945    191   -945    -92 
    66    -68     32    -92 
  -945   -945    132     66 
   166   -945   -945    -92 
  -945    164   -945      7 
  -945    191    -68   -945 
   188   -945   -945   -945 
  -945     32    164   -945 
     7   -945   -945    139 
  -945   -945   -945    188
>>NagC/TyrR
log-odds matrix: alength= 4 w= 25 n= 3507 bayes= 8.80934 E= 9.5e+000 
  -100   -945    -59    132 
   132   -945     41   -945 
     0    173   -945   -945 
     0    100     41   -945 
    59   -945   -945    100 
   100    -59     41   -945 
   181   -945   -945   -945 
     0    100     41   -945 
  -100    -59    173   -945 
  -945    200   -945   -100 
  -100    100    -59      0 
   159   -945    -59   -945 
   100    -59     41   -945 
   181   -945   -945   -945 
   159   -945    -59   -945 
   159    -59   -945   -945 
   132    -59    -59   -945 
    59     41     41   -945 
   181   -945   -945   -945 
  -945    173     41   -945 
     0    100     41   -945 
  -945    173     41   -945 
  -945    141    100   -945 
  -945    173     41   -945 
  -945   -945    222   -945 
>>Crp-1
log-odds matrix: alength= 4 w= 20 n= 9807 bayes= 9.85204 E= 5.4e-007 
    43   -119   -219     75 
   -25     39  -1104     75 
   -25  -1104   -119    124 
   -57  -1104   -119    134 
  -257    -19  -1104    143 
  -257  -1104    198   -157 
 -1104    -19   -119    134 
 -1104  -1104    206   -157 
   134     13   -219  -1104 
    60   -119     81   -157 
     2    -61     39      2 
 -1104    113  -1104     89 
    75     13    -19   -157 
   -98   -119    181  -1104 
   152   -219   -219   -157 
 -1104    -61  -1104    160 
 -1104    213  -1104   -257 
   152  -1104    -19  -1104 
  -157    198   -219  -1104 
   134   -219   -119    -98
>>FlhDC
log-odds matrix: alength= 4 w= 49 n= 3768 bayes= 8.80597 E= 4.7e-008 
    95   -997     73   -137 
  -137   -127   -997    163 
  -137   -997     73     95 
  -997     32   -997    143 
  -137     73   -997     95 
   -37   -127    -27     95 
  -137     32     32     21 
    63   -997     32     21 
    21     32    -27    -37 
  -997   -127     32    121 
   121   -127   -127    -37 
    95   -997     32    -37 
  -137     32    -27     63 
  -997    173    -27   -997 
   -37   -127    154   -997 
  -137    190   -997   -997 
   -37    154   -127   -997 
   121   -997     73   -997 
    95     32   -127   -137 
   121   -997   -127     21 
   143   -127   -127   -137 
    95   -997   -127     63 
   180   -127   -997   -997 
  -997    173    -27   -997 
  -137    105    -27    -37 
  -997    190   -997   -137 
  -997    -27    105     21 
  -997   -127   -997    180 
  -137     73   -997     95 
    63   -127   -997     95 
   -37    -27   -127     95 
  -997   -997   -127    180 
   -37     32   -997     95 
  -137     73   -127     63 
   -37     73     73   -997 
  -137    105    -27    -37 
  -997    105    -27     21 
  -997    105    105   -997 
    21    131   -997   -137 
  -997    -27   -127    143 
    95   -997   -997     95 
    21   -997   -997    143 
   -37   -997   -127    143 
  -997     32   -997    143 
    63     32    -27   -137 
   -37     32     73   -137 
  -997    173   -997    -37 
  -997     73    131   -997 
  -997    190   -127   -997
>>RcsAB
  log-odds matrix: alength= 4 w= 22 n= 2045 bayes= 9.85883 E= 4.7e+003 
  -823    219   -823   -823 
  -823   -823    219   -823 
    24    160   -823   -823 
  -823     61    160   -823 
  -823    219   -823   -823 
    24     61     61   -823 
  -823   -823   -823    183 
  -823   -823    219   -823 
    24     61     61   -823 
  -823     61   -823    124 
  -823   -823    219   -823 
    24    160   -823   -823 
  -823   -823   -823    183 
  -823   -823   -823    183 
  -823    160     61   -823 
    24   -823    160   -823 
  -823    219   -823   -823 
    24    160   -823   -823 
   124     61   -823   -823 
   183   -823   -823   -823 
  -823    219   -823   -823 
  -823    219   -823   -823 
>>RbsR
log-odds matrix: alength= 4 w= 8 n= 586 bayes= 8.18982 E= 5.8e+003 
   192   -765   -765   -765 
  -765    208   -765   -765 
  -765    208   -765   -765 
   192   -765   -765   -765 
  -765    208   -765   -765 
  -765    208   -765   -765 
   192   -765   -765   -765 
  -765   -765    208   -765 
>>CdaR
log-odds matrix: alength= 4 w= 11 n= 580 bayes= 8.17493 E= 1.0e+003 
  -765    226   -765   -765 
  -765   -765    226   -765 
  -765    126    126   -765 
  -765    226   -765   -765 
  -765   -765    226   -765 
   177   -765   -765   -765 
  -765   -765   -765    177 
  -765    226   -765   -765 
  -765   -765    226   -765 
  -765   -765   -765    177 
  -765   -765    226   -765