>AraC 20
A -0.1  0.4 -1.3  0.9 -0.3 -0.7  0.3  0.1  0.1  0.7  0.3  0.6  0.3 -0.7 -0.3 -0.7  1.0 -2.8  0.9  0.7
C  0.6 -0.4  0.8 -2.8 -2.8  0.9  0.4 -1.0 -2.8 -2.8 -2.8 -0.0 -0.0 -1.0  1.0  1.3 -0.4 -1.0 -1.0 -1.0
G -1.0 -0.0 -0.4 -0.4  1.2 -1.0 -0.0  0.6  0.9 -1.0 -1.0 -1.0  0.5 -1.0 -0.0 -2.8 -2.8 -2.8 -0.4 -2.8
T -0.1 -0.4  0.1 -0.7 -1.3 -0.1 -1.3 -0.4 -0.7  0.1  0.6 -0.4 -1.3  0.9 -2.8 -1.3 -1.3  1.1 -1.3  0.1
>ArcA 17
A  0.4  0.8 -0.0  0.6  0.3  0.4 -0.5 -0.1  0.4 -0.4 -0.6  1.1  1.1 -1.3  0.7  0.6  0.5
C -0.8 -1.0  0.8 -0.5 -0.2 -1.4 -1.4 -0.4 -1.2 -2.0 -0.6 -1.2 -4.4  1.4 -0.5 -0.3 -0.4
G -1.1 -0.5 -1.0 -0.5 -2.6 -0.4 -1.4 -0.1  0.3 -1.4 -1.6 -4.4 -1.4 -4.4 -1.1 -1.4 -0.6
T  0.3 -0.6 -0.6 -0.4  0.3  0.2  0.9  0.4 -0.4  0.9  0.8 -1.5 -1.5 -0.9 -0.3 -0.1 -0.1
>ArgP 19
A  1.0 -0.9 -0.3 -0.6 -0.6 -0.9 -0.3 -0.9  0.2 -0.3  0.9 -0.3 -0.9 -0.3 -0.6 -3.0  0.5  0.7 -0.6
C -1.2 -1.2 -3.0 -0.3 -1.2  0.8 -0.6 -1.2 -3.0  0.6 -0.6 -3.0 -1.2  0.0  0.2 -0.3  0.7  0.2 -0.3
G -3.0 -0.2 -3.0 -1.2  0.2 -0.2 -0.2  0.8 -3.0 -0.2 -0.6 -0.6  0.9  0.6  0.2  0.4 -1.2 -0.2 -1.2
T -0.6  0.8  0.9  0.7  0.5 -0.1  0.5  0.2  0.7 -0.1 -1.5  0.8  0.1 -0.3  0.1  0.5 -1.5 -3.0  0.7
>ArgR 21
A  0.2  0.3  0.4  0.4  0.2 -3.5 -2.0  0.1  0.9 -1.4  0.6  0.9  0.6  0.6  1.0 -1.4 -1.4 -3.5  0.6 -0.4 -0.4
C -0.1 -0.7 -1.7 -1.7 -1.1 -3.5 -3.5  0.9 -3.5 -1.7 -1.7 -1.7 -1.7 -1.7 -1.7 -1.1 -0.7  1.3 -1.1  0.1 -0.7
G -1.7 -1.7 -0.4 -3.5 -0.1 -3.5  1.5 -0.7 -1.1 -3.5  0.2 -3.5 -1.1 -3.5 -1.7 -0.7 -0.4 -0.7 -0.1  0.1 -1.1
T  0.3  0.5  0.3  0.6  0.3  1.2 -3.5 -1.4 -0.4  1.1 -0.6 -0.1  0.2  0.3 -0.8  0.9  0.9 -1.1 -0.4  0.2  0.8
>BaeR 23
A -1.6 -1.6  0.5 -1.6 -0.1 -1.6 -1.6 -1.6 -1.6 -1.6 -1.6 -1.6  0.8 -1.6  0.5  1.1 -1.6 -1.6 -1.6 -1.6 -1.6 -1.6 -1.6
C  1.1  0.2 -1.6 -1.6 -1.6 -1.6 -1.6 -1.6  1.4 -1.6  1.1  1.4  0.2  0.2 -1.6 -1.6 -1.6  0.2 -1.6  0.2  1.1 -1.6  1.1
G  0.2 -1.6 -1.6 -1.6 -1.6  0.2 -1.6 -1.6 -1.6 -1.6 -1.6 -1.6 -1.6 -1.6  0.2 -1.6 -1.6 -1.6  1.1  1.1 -1.6  0.8  0.2
T -1.6  0.8  0.4  1.1  0.8  0.8  1.1  1.1 -1.6  1.1 -0.1 -1.6 -1.6  0.8 -0.1 -1.6  1.1  0.8 -0.1 -1.6 -0.1  0.4 -1.6
>BasR 23
A -2.2 -2.2  0.7  0.5 -0.7 -0.1 -2.2 -2.2  1.2  1.2 -0.7 -0.1 -0.1 -2.2 -0.1 -0.1  0.5 -2.2 -2.2  0.7  1.2 -0.1 -0.7
C  0.2 -2.2  0.2  0.5  0.8  1.2 -2.2 -2.2 -2.2 -2.2 -0.4 -2.2 -2.2 -2.2 -2.2 -0.4  0.5 -2.2 -2.2 -0.4 -2.2 -2.2 -0.4
G -0.4  1.0 -2.2 -2.2 -0.4 -2.2 -2.2 -2.2 -2.2 -2.2  1.0  1.0 -0.4  0.2 -2.2 -0.4 -0.4  0.2  0.2  0.2 -2.2  0.8  0.2
T  0.7  0.2 -0.7 -0.7 -0.2 -2.2  1.1  1.1 -2.2 -2.2 -0.7 -0.7  0.7  0.9  0.9  0.5 -2.2  0.9  0.9 -2.2 -2.2 -0.2  0.5
>CysB 43
A -0.6  0.8  0.8  0.9 -1.2  0.8  0.2  0.4  0.2  0.6  0.5 -0.0  0.2 -0.0 -0.6  0.5  0.8 -0.6  0.5  0.8 -0.6  0.6  0.9  1.0 -0.0  0.4 -0.6 -0.0  0.9  0.5  0.6  0.9  0.2 -1.2 -0.6  0.9  0.4 -2.7  0.9  0.9 -0.0  0.2 -0.6
C -0.9 -0.9 -2.7 -0.3 -2.7 -2.7  0.7 -0.3 -0.3 -2.7 -0.3 -0.3 -2.7 -2.7  0.5 -0.9 -2.7 -2.7 -0.9 -2.7  0.3 -2.7 -2.7 -0.9 -2.7 -2.7 -0.9  0.8  0.0 -2.7 -0.9 -2.7 -0.9  0.0  0.0 -2.7  0.7 -0.3 -0.9 -0.9  0.8  0.0  0.3
G  0.7 -0.3 -0.9 -2.7  0.3 -2.7 -2.7  0.3  0.7  0.0 -0.9 -0.9  0.7  0.9  0.3  0.3  0.0 -0.9  0.3  0.0  0.0  0.3  0.0 -0.9  0.3 -0.3  0.0  0.0 -0.9 -0.3  0.0  0.0  0.0  1.1  0.7 -0.9 -2.7 -0.9 -2.7 -2.7 -0.3 -0.3  0.7
T  0.2 -0.7 -0.0 -1.2  0.7  0.2 -0.3 -0.7 -1.2 -0.3 -0.0  0.5 -0.3 -0.3 -0.3 -0.7 -0.7  0.9 -0.7 -0.7  0.2 -0.7 -2.7 -2.7  0.3  0.3  0.6 -2.7 -2.7  0.2 -0.7 -2.7  0.2 -1.2 -0.3 -0.3 -0.7  0.9 -0.7 -0.7 -1.2 -0.0 -0.7
>CpxR 20
A -1.0 -1.0 -0.8  0.8 -0.6  0.1 -0.2  0.0 -0.2 -0.8 -0.9 -0.9 -1.4  0.9 -1.4  0.0 -0.2  0.1 -0.3 -0.0
C  0.3 -4.1 -4.1 -4.1  1.2 -0.1 -0.0  0.0 -1.1  0.4 -0.3 -4.1 -4.1 -1.4  1.3  0.2  0.4 -0.0  0.2  0.1
G -1.4 -0.5 -0.3 -1.4 -1.7  0.4 -0.2 -0.3  0.3 -0.2  0.1 -4.1 -1.1 -0.5 -0.9 -0.0  0.3 -0.7 -0.7  0.1
T  0.6  1.0  0.9  0.0 -1.1 -0.4  0.3  0.1  0.3  0.3  0.5  1.1  1.1 -0.8 -0.9 -0.2 -0.5  0.3  0.4 -0.2
>Cra 21
A -0.2 -0.2  0.3 -1.1 -1.3 -0.7 -0.3  1.2  1.2 -0.1 -3.8 -1.3  0.1 -1.7 -0.3  0.1  0.9  0.4 -1.7  0.5  0.2
C  0.1  0.0 -0.8 -3.8  1.3 -3.8 -3.8 -3.8 -3.8 -3.8  1.3 -1.0 -0.2 -3.8 -0.5  1.0 -1.4 -0.5  0.3 -0.4 -0.2
G  0.3  0.2 -1.0  1.4 -0.3 -1.0  1.3 -2.0 -3.8 -1.4 -1.4  1.4 -0.3 -0.3 -3.8 -3.8 -0.5  0.5 -0.3 -0.3  0.2
T -0.2  0.0  0.4 -1.1 -1.7  1.0 -1.7 -3.8 -1.7  0.8 -0.7 -2.3  0.2  1.0  0.8 -0.9 -0.7 -0.9  0.6 -0.2 -0.2
>Crp 20
A -0.6 -0.8 -1.0 -0.8  0.9 -0.2 -0.2 -0.5  0.4 -0.5  0.5 -1.9 -1.0  1.1 -1.4  1.0  0.2  0.1  0.1 -0.3
C -0.2 -1.1 -0.1 -2.6 -0.5 -0.3  0.4  0.4 -0.5  0.2 -0.5 -1.5  1.4 -3.2  1.4 -1.4 -0.1 -0.7 -1.0 -0.2
G -0.9  1.0 -1.0  1.3 -0.9  0.0 -0.1 -0.1 -0.1  0.4 -0.0 -1.3 -1.6 -1.0 -1.8 -0.4 -1.0 -5.6 -0.9 -1.6
T  0.7 -0.2  0.8 -1.2 -1.1  0.3 -0.0  0.1 -0.2 -0.2 -0.5  1.1 -2.7 -2.6 -2.1 -1.9  0.3  0.6  0.6  0.7
>Mlc 26
A  0.8  0.3 -0.6 -2.1  0.8 -2.1 -2.1 -2.1 -2.1  0.6 -0.0  0.3 -2.1 -0.6 -2.1 -2.1 -2.1  0.6  1.1  1.1 -0.0 -0.0  1.0  0.6 -0.6 -0.0
C -2.1 -2.1 -2.1 -2.1 -2.1 -2.1 -2.1 -2.1 -0.3 -2.1  0.7 -0.3  0.3  0.7 -2.1  1.3 -2.1 -2.1 -2.1 -2.1 -2.1 -2.1 -2.1 -0.3 -2.1 -0.3
G  0.3  0.3 -2.1 -2.1 -2.1 -2.1 -2.1 -2.1 -2.1  0.7  0.3 -0.3  0.7 -2.1  0.7 -2.1  1.5 -2.1 -2.1 -2.1 -2.1 -2.1 -2.1 -2.1 -2.1  0.9
T -2.1 -0.0  1.0  1.1 -0.0  1.1  1.1  1.1  1.0 -2.1 -2.1 -0.0 -0.0  0.3  0.6 -0.6 -2.1  0.3 -2.1 -2.1  0.8  0.8 -0.6 -0.0  1.0 -2.1
>MqsA 21
A  0.1  0.7  0.1  0.5  1.1 -1.9 -1.9 -0.5  0.5  1.0  0.5  1.0 -1.9 -1.9  0.1 -0.5  0.7 -0.5 -0.5 -0.5  0.7
C -1.9  0.4  0.4  0.4 -1.9  1.5  1.1 -1.9 -1.9 -1.9  0.4 -1.9 -1.9 -1.9 -1.9 -0.2 -0.2  0.4 -1.9 -1.9 -1.9
G -0.2 -1.9 -0.2 -0.2 -1.9 -1.9 -0.2 -1.9 -1.9 -0.2 -0.2 -0.2  1.3  1.1 -1.9 -0.2 -0.2  0.8 -1.9 -1.9 -1.9
T  0.5 -1.9 -0.5 -1.9 -1.9 -1.9 -0.5  0.9  0.5 -1.9 -1.9 -1.9 -0.5  0.1  0.7  0.5 -1.9 -1.9  0.9  0.9  0.1
>EvgA 22
A -0.1  0.2  0.2 -0.1  0.2 -0.7 -2.2 -2.2 -2.2 -2.2  1.0 -2.2  0.9 -0.7 -0.7 -0.1 -2.2 -2.2  1.2 -0.1 -2.2  0.7
C -2.2 -0.4  0.5 -2.2 -0.4 -2.2 -2.2  1.5  0.2 -2.2 -2.2  1.4 -2.2 -0.4  0.5 -2.2 -2.2 -2.2 -2.2 -2.2 -2.2  0.2
G  1.0  0.8  0.2  0.2 -2.2 -2.2 -2.2 -2.2 -2.2 -2.2 -2.2 -0.4  0.2  0.8 -0.4 -2.2  1.5 -2.2 -2.2  1.2  1.4 -2.2
T -0.7 -2.2 -2.2  0.5  0.5  1.0  1.1 -2.2  0.9  1.1 -0.7 -2.2 -2.2 -0.2  0.2  0.9 -2.2  1.1 -2.2 -2.2 -0.7 -0.7
>ExuR 20
A  1.0  1.1  1.0 -1.0 -1.0 -1.0 -1.0 -2.5  0.2  0.6  1.0  0.6 -1.0  1.0  0.6  0.7 -2.5 -0.4  0.2 -0.4
C -2.5 -0.7 -0.1  0.3 -2.5 -2.5 -2.5 -2.5  0.3 -2.5 -0.7  0.3  1.4 -0.7  0.7 -2.5 -0.7 -0.1 -0.7  1.1
G -0.7 -2.5 -2.5  0.9 -2.5  1.2  1.4 -2.5 -2.5  0.3 -0.7 -2.5 -2.5 -2.5 -2.5 -0.1 -0.7 -2.5  0.3 -2.5
T -1.0 -2.5 -2.5 -1.0  1.1 -0.4 -2.5  1.2  0.2 -0.4 -2.5 -0.4 -2.5 -1.0 -2.5 -0.4  1.0  0.7 -0.1 -0.4
>FadR 20
A -1.6  0.6 -0.4 -3.0 -0.1 -1.0 -0.1 -3.0  0.0 -0.4 -3.0  1.1 -3.0 -1.6  0.6 -1.6 -1.6 -0.1 -0.4  0.5
C  0.5  0.5 -0.3  1.3 -0.7 -3.0 -1.3 -0.7  1.1  0.4 -3.0 -1.3  1.2  0.9 -3.0  0.4 -1.3  0.2  0.6 -3.0
G -0.0 -0.7  0.4 -0.0 -3.0  1.4  1.0 -1.3 -3.0 -0.0  1.6 -3.0 -3.0  0.2 -3.0  1.0 -0.7 -1.3 -1.3 -0.0
T  0.3 -3.0  0.2 -3.0  0.8 -3.0 -1.0  1.0 -1.6  0.0 -3.0 -1.6  0.0 -0.6  0.4 -1.0  1.0  0.4  0.2  0.0
>IclR 16
A  0.5 -0.1 -0.7 -2.2  0.9  0.2 -2.2 -2.2 -0.7 -0.7 -0.1  0.2  0.2 -0.1 -0.1 -2.2
C -2.2 -2.2 -2.2  0.8 -2.2  0.5  0.5 -2.2 -2.2  1.0  0.5 -2.2 -2.2 -2.2 -2.2  0.5
G -0.4  0.2  0.2 -0.4 -0.4 -2.2 -2.2 -2.2 -0.4 -0.4 -0.4  0.6 -0.4 -0.4  0.2 -2.2
T  0.2  0.5  0.7  0.2 -0.7 -0.2  0.7  1.1  0.9 -0.7 -0.2 -0.2  0.5  0.7  0.5  0.7
>IscR 27
A  0.2 -0.1  1.0 -0.4 -1.0 -0.4 -0.4  0.7 -0.4 -0.4 -0.1  0.6 -1.0 -0.1 -2.5  0.7 -1.0 -0.4  0.4 -2.5 -2.5 -2.5 -1.0  0.4 -0.4 -0.1  0.4
C  0.3 -0.7 -2.5 -0.1 -0.1 -0.1  0.7 -0.1  1.2  0.5  0.3  0.3 -0.7 -2.5 -0.1 -0.7 -0.1  0.3  0.3 -2.5 -2.5 -2.5 -2.5 -0.7 -2.5 -2.5 -2.5
G -0.7 -0.7 -2.5  0.3 -0.7 -0.7  0.5 -2.5 -2.5 -2.5  0.5 -2.5 -0.1 -0.7 -0.7 -2.5  0.8 -0.1 -0.7  1.1  1.4  1.4 -2.5 -0.7 -0.7 -0.7 -0.7
T -0.1  0.6 -0.4  0.2  0.7  0.6 -2.5 -0.4 -1.0  0.4 -1.0 -0.4  0.7  0.7  0.8 -0.1 -0.1  0.2 -0.4  0.2 -1.0 -1.0  1.1  0.2  0.8  0.7  0.4
>IHF 14
A  0.1  0.6  0.9 -0.1 -0.7  1.2  0.6 -0.2  0.1  0.5 -0.0 -1.2 -1.3  0.8
C -0.8 -2.3 -2.9 -1.6  1.3 -4.6 -1.2  0.1  0.0 -0.5  0.0 -4.6 -1.9 -0.8
G  0.2 -0.9 -2.2 -1.6 -1.6 -4.6  0.1 -0.3  0.0 -0.0  0.5 -0.7 -1.4 -0.6
T  0.2  0.2 -0.3  0.8 -2.0 -1.7 -0.6  0.2 -0.2 -0.5 -0.6  1.0  1.0 -0.9
>FhlA 17
A  0.3 -2.1 -0.6 -2.1 -2.1  0.3 -0.6 -2.1 -2.1 -0.6 -2.1 -2.1  0.8 -0.6 -0.0 -0.6 -0.0
C -0.3  0.3 -0.3 -0.3  1.3  0.7 -2.1 -2.1 -0.3 -2.1  1.1 -2.1  0.3  1.1 -2.1 -0.3 -0.3
G -0.3 -0.3  0.9  0.7 -2.1 -2.1  0.9 -2.1  0.3 -2.1 -2.1  1.5 -2.1 -0.3  1.2 -0.3  0.7
T -0.0  0.6 -0.6  0.3 -0.6 -0.6 -0.0  1.1  0.6  1.0 -0.0 -2.1 -2.1 -2.1 -2.1  0.6 -0.6
>FlhDC 19
A  0.9  1.1  0.4 -0.4 -2.8 -1.3 -0.4 -0.8 -0.4  1.1  0.6 -0.1  0.5  0.5 -0.1 -2.8 -0.4 -0.8 -0.1
C -2.8 -1.1 -0.5  0.2 -1.1  0.6  0.4 -0.5 -2.8 -2.8 -2.8 -2.8 -0.5 -2.8 -1.1  1.0 -2.8  0.8  0.8
G -1.1 -1.1 -2.8  1.0  1.5  0.6  0.7  0.4  1.1 -2.8 -0.5 -1.1 -2.8  0.9  1.1  0.7  1.3  0.6 -1.1
T -0.4 -2.8  0.4 -2.8 -2.8 -0.4 -1.4  0.4 -0.4 -0.8  0.0  0.8  0.2 -2.8 -1.4 -2.8 -1.4 -2.8 -0.4
>Fnr 14
A -4.5 -2.4 -0.9  1.1 -4.5  0.1 -0.4  0.1  0.4  0.8 -0.7 -2.4  0.9  0.6
C -2.7 -4.5 -2.1 -4.5 -0.1 -0.2 -0.8 -0.0 -1.3 -0.1 -1.5  1.2 -1.1 -0.3
G -1.1 -2.7  1.4 -2.1 -4.5  0.2 -0.7 -0.2  0.4 -2.1 -0.1 -0.5 -0.8 -0.8
T  1.1  1.2 -4.5 -1.0  1.0 -0.2  0.7  0.0 -0.3 -0.7  0.7 -0.8 -1.2 -0.4
>Fur 22
A -0.4  0.0  1.0 -0.1  1.0  1.0 -1.8 -0.1  0.8 -1.2 -0.4  0.6 -1.8 -0.8  1.1 -0.7 -0.7  0.4 -0.5 -0.1  1.0  0.0
C -0.3 -2.1 -1.2 -1.5 -3.9 -1.5 -0.2  0.1 -0.5 -2.1 -2.1  0.2 -0.5  1.2 -2.1 -2.1 -2.1 -0.9  0.2  0.6 -1.2 -2.1
G -1.5  1.1 -0.9 -0.3 -1.1 -0.5 -3.9  0.7 -0.5 -2.1 -3.9 -1.1 -0.9 -0.7 -1.1 -1.1 -3.9 -1.1  0.0 -0.9 -0.3 -2.1
T  0.7 -1.8 -1.8  0.6 -1.0 -3.9  1.0 -1.0 -1.2  1.1  1.0 -0.6  0.9 -1.2 -1.8  0.9  1.0  0.3  0.2 -0.1 -3.9  0.8
>GadE 22
A -0.3 -0.9 -0.3  0.7  0.7  0.8 -0.9  1.2  0.8  0.0  0.7  1.1  0.7  0.7 -0.9 -0.9 -0.9 -0.9  1.0  0.5  0.0 -0.3
C -0.6 -0.6 -2.4 -0.0 -2.4 -0.6 -2.4 -2.4 -2.4  0.3 -0.0 -2.4 -0.0 -0.0 -0.6  1.3  1.1 -2.4 -2.4 -0.0 -2.4  0.8
G -2.4  0.4 -0.6 -2.4 -0.6 -2.4 -0.6 -2.4 -0.0 -2.4 -2.4 -2.4 -2.4 -2.4 -0.6 -2.4 -2.4 -0.0 -2.4 -0.0 -0.0 -0.6
T  0.8  0.5  0.8 -0.4  0.0 -0.4  0.9 -2.4 -0.9  0.3 -0.4 -0.9 -0.4 -0.4  0.8 -0.9 -0.4  0.8 -0.4 -0.9  0.5 -0.4
>GadW 21
A -0.5  0.2  0.8 -0.5  0.6 -0.8  0.5  1.0  1.1  0.2  1.1 -0.5  0.0  1.0 -0.5  0.5 -0.8  0.7 -1.4 -0.8  0.3
C -1.1 -0.5 -1.1 -0.2 -2.9 -0.5  0.1 -1.1 -0.5 -0.2 -1.1 -0.5  0.8 -0.5 -2.9 -0.2  1.2 -0.2 -2.9 -2.9 -0.2
G -1.1 -0.1 -1.1 -1.1  0.3 -0.5 -1.1 -1.1 -2.9 -1.1 -2.9 -1.1 -2.9 -2.9  1.0  0.1 -2.9 -1.1 -1.1  0.1 -1.1
T  0.8  0.2 -0.2  0.7 -0.5  0.7 -0.2 -1.4 -2.9  0.3 -1.4  0.7 -0.2 -1.4 -0.2 -0.8 -0.5 -0.5  1.1  0.7  0.2
>GadX 22
A -0.2  0.4  0.6 -0.5  0.5 -0.7  0.6  0.7  0.9  0.5  0.9 -0.9  0.2  0.6 -0.5  0.6 -0.2  0.5  0.0 -0.2  0.3 -0.5
C -0.5 -0.8 -0.2 -0.0 -1.2 -0.2 -0.0 -0.3 -1.2  0.1 -1.8  0.1  1.0 -0.3 -0.5  0.2  0.9 -0.0 -1.2 -0.8 -1.2  0.1
G -1.8  0.0 -0.8 -1.2  0.5 -0.5 -0.5  0.0 -0.8 -1.8 -0.8 -1.2 -1.8 -0.3  0.7 -0.3 -3.6 -1.8 -1.2  0.1 -0.8 -0.8
T  0.7 -0.1 -0.5  0.6 -0.9  0.6 -0.7 -1.5 -0.9 -0.1 -0.7  0.7 -2.1 -0.7 -0.0 -2.1 -0.2 -0.1  0.7  0.4  0.4  0.5
>GalR 18
A  0.3  0.1 -2.6  0.5 -0.1 -2.6 -2.6 -0.1  0.7  1.2  0.1 -2.6 -0.1 -0.1 -2.6 -2.6  0.8 -1.1
C  0.2 -0.8  0.2 -0.8 -2.6 -0.8 -0.8 -0.8  0.2 -2.6 -2.6  1.2 -2.6 -2.6 -2.6 -2.6 -2.6  1.4
G  0.5 -0.2  0.7 -0.2  0.8 -2.6  1.3  0.7 -2.6 -2.6  0.8 -2.6  1.1  0.8 -2.6 -2.6 -0.8 -2.6
T -2.6  0.3  0.1 -0.2 -0.2  1.1 -1.1 -0.2 -0.5 -2.6 -0.5 -0.2 -1.1 -0.2  1.2  1.2 -0.2 -2.6
>GalS 19
A  0.3 -2.6  0.7 -0.1 -2.6 -2.6 -0.5  0.7  1.2 -0.1 -2.6 -0.1 -0.5 -2.6 -2.6  0.8 -2.6  1.0 -2.6
C -0.8  0.2 -2.6 -2.6 -0.2 -0.8 -0.2  0.2 -2.6 -2.6  1.2 -2.6 -2.6 -2.6 -2.6 -2.6  1.5 -0.2  0.7
G -0.2  0.5 -0.2  0.8 -2.6  1.2  0.7 -2.6 -2.6  0.8 -2.6  1.1  0.8 -2.6 -2.6 -2.6 -2.6 -2.6 -0.2
T  0.1  0.3 -0.2 -0.2  1.0 -0.5 -0.2 -0.5 -2.6 -0.2 -0.2 -1.1  0.1  1.2  1.2  0.1 -2.6 -2.6  0.3
>GcvA 18
A -1.9 -0.5  1.1  0.1  1.0  0.1  0.1  0.7  0.1 -0.5 -1.9  0.7  1.1 -1.9 -0.5 -1.9 -1.9  0.1
C -0.2 -0.2 -1.9  0.4 -1.9 -1.9 -1.9 -1.9 -0.2  1.3 -1.9 -1.9 -1.9 -1.9 -1.9 -0.2  0.8 -1.9
G -0.2  0.4 -1.9 -1.9 -1.9 -1.9 -1.9 -1.9 -0.2 -1.9 -1.9 -1.9 -1.9 -1.9  1.1  1.1 -0.2 -1.9
T  0.7  0.1 -1.9  0.1 -0.5  0.7  0.7  0.1  0.1 -1.9  1.1  0.1 -1.9  1.1 -0.5 -0.5  0.1  0.7
>GlpR 22
A  0.7  0.8  0.0  0.7 -1.4 -2.9  0.0 -2.9 -0.8  0.3  0.7  0.5  0.8  0.6 -2.9 -0.5  0.7  0.8  0.0  0.8 -0.8 -1.4
C -1.1 -1.1 -0.5 -2.9 -0.2 -2.9  0.8 -1.1  1.3 -0.5 -2.9 -1.1 -1.1 -2.9  1.3 -1.1  0.5 -1.1  1.1 -2.9 -0.5  0.1
G -1.1 -2.9 -2.9 -0.5 -1.1  1.5 -1.1  0.8 -0.5  0.7  0.1 -1.1 -2.9 -2.9 -1.1  1.2 -1.1 -0.1 -2.9 -0.1 -0.1 -0.1
T -0.0 -0.0  0.7 -0.0  0.8 -2.9 -0.5  0.4 -2.9 -1.4 -0.5  0.3 -0.0  0.4 -0.8 -1.4 -2.9 -0.8 -1.4 -0.5  0.7  0.6
>GlrR 23
A  0.1 -1.9 -0.5 -0.5 -0.5 -1.9 -0.5 -1.9  0.5  0.5  1.1  0.5  0.1 -0.5  0.5 -0.5  1.1 -1.9  1.0  1.0 -0.5 -0.5 -0.5
C -1.9 -0.2 -1.9 -1.9  0.8 -1.9  0.4 -0.2 -1.9 -0.2 -1.9 -1.9  0.4 -0.2  0.4 -0.2 -1.9  1.3 -1.9 -0.2  0.4 -1.9  0.4
G  1.1 -1.9  1.3 -0.2 -0.2  0.4  0.8 -0.2 -1.9 -0.2 -1.9 -0.2 -0.2  0.8 -0.2  1.1 -1.9 -0.2 -1.9 -1.9 -0.2  0.8 -0.2
T -1.9  0.9 -1.9  0.7 -0.5  0.7 -1.9  0.7  0.5 -0.5 -1.9  0.1 -0.5 -0.5 -1.9 -1.9 -1.9 -1.9 -0.5 -1.9  0.1  0.1  0.1
>GntR 22
A  0.6 -0.2 -2.3 -0.8 -0.2  1.0 -0.8 -2.3 -2.3 -0.8 -2.3  0.9  0.9 -0.8  1.2 -0.2  0.4  0.4 -0.8  0.1  1.2  0.6
C  0.1  0.4 -2.3 -2.3 -0.5 -2.3  0.9  0.9  1.1 -2.3 -0.5 -0.5 -2.3  1.2 -2.3 -2.3 -0.5 -0.5  0.4  0.4 -2.3 -2.3
G -2.3 -2.3  1.5 -0.5 -2.3 -2.3 -2.3  0.1  0.1  1.3 -2.3 -2.3 -2.3 -2.3 -2.3 -0.5 -2.3 -0.5  0.5 -0.5 -2.3 -2.3
T -0.3  0.4 -2.3  0.9  0.8 -0.8  0.1 -0.3 -0.8 -0.8  1.0 -0.8 -0.3 -0.8 -2.3  0.8  0.4  0.1 -0.3 -0.3 -2.3  0.4
>TyrR 21
A -3.0 -3.0 -1.5  0.8  0.4  0.6 -0.3  0.4  0.1  0.6  0.4  0.1 -0.6 -3.0 -3.0  1.1 -3.0  0.8 -3.0  0.2 -0.1
C  0.0 -3.0 -3.0 -0.3  0.0 -0.6 -3.0  0.4  0.0 -0.6 -0.6  0.0 -1.2 -3.0 -1.2 -0.6  1.5 -3.0  0.9  0.2 -0.3
G -3.0  1.5 -0.2 -3.0 -3.0 -1.2  0.6 -0.6 -0.2 -0.6 -1.2  0.6 -1.2 -1.2 -0.6 -3.0 -3.0  0.0  0.2 -0.6 -0.2
T  0.9 -3.0  0.9 -0.6  0.2  0.1  0.3 -0.6  0.1 -0.1  0.3 -1.0  0.9  1.1  1.0 -3.0 -3.0 -1.0 -0.3 -0.1  0.3
>LexA 22
A -0.3  0.4 -1.4 -1.7 -1.4 -3.8 -0.1 -0.2  0.2 -0.7  0.2 -1.4  0.9 -0.7  0.6 -2.3  1.1 -3.8 -1.7  0.4  0.3  0.4
C -0.0 -0.0  1.4 -1.4 -2.0 -2.0 -1.1 -0.6 -2.0 -2.0 -0.3 -0.4 -0.4 -2.0  0.2  1.5 -3.8 -3.8 -0.0 -2.0 -0.6 -1.1
G -0.6  0.2 -2.0 -1.4  1.5  0.5  0.2 -1.4 -0.1 -3.8 -0.4 -2.0 -1.1 -0.4 -1.1 -2.0 -1.4  1.5 -0.6 -0.6 -0.4 -0.4
T  0.5 -1.1 -1.1  1.1 -2.3  0.7  0.3  0.7  0.4  1.0  0.1  0.9 -1.4  0.8 -0.8 -3.8 -1.8 -2.3  0.7  0.3  0.2  0.1
>LeuO 23
A  1.1 -2.4  0.3  0.3  0.5 -0.9  0.8 -0.3  0.0  0.3 -2.4 -0.9  1.1  1.0 -0.9  0.3 -0.3  0.3  0.3  0.0  0.0  0.0 -0.3
C -2.4 -2.4 -0.6  0.3 -0.6 -0.6 -0.0  0.6  0.3 -2.4 -0.6 -2.4 -2.4 -2.4 -2.4 -2.4 -0.6 -2.4 -0.6 -0.6 -2.4 -2.4  0.6
G -2.4 -2.4 -2.4 -0.6 -0.6 -2.4 -2.4 -2.4 -0.0  0.8 -0.6  1.3 -0.6 -0.6 -2.4 -2.4  0.4 -2.4 -0.6 -2.4 -0.0 -0.0 -0.6
T -0.9  1.1  0.5 -0.4  0.0  0.9 -0.9  0.3 -0.4 -0.9  0.9 -0.9 -2.4 -0.9  1.0  0.7  0.3  0.7  0.3  0.7  0.5  0.5  0.0
>Lrp 13
A -0.7  0.2  0.4 -1.7  0.1 -0.6 -0.6  0.6 -0.7 -0.4 -0.6 -4.4 -2.9
C -0.7  0.0 -4.4 -0.3 -1.2 -2.6 -0.8 -0.7 -0.6  0.4  1.1 -4.4 -4.4
G  0.8 -0.0 -0.2 -0.7 -0.7 -1.0 -1.0 -1.2 -0.8 -0.5 -1.4 -0.1  1.0
T  0.0 -0.2  0.3  0.8  0.5  0.9  0.8  0.1  0.8  0.2 -0.5  1.0  0.3
>MalT 9
A -0.1  0.3 -2.8 -2.8  0.8 -2.8 -2.8  1.2 -2.8
C -0.4 -2.8 -2.8 -2.8 -0.4 -2.8 -2.8 -2.8 -2.8
G  1.0  0.9  1.5  1.5 -1.0  0.8  1.5 -2.8  1.4
T -2.8 -1.3 -1.3 -2.8 -0.7  0.6 -1.3 -2.8 -0.7
>MetJ 19
A  0.4 -1.3  1.1 -1.3 -0.1 -2.8 -0.3 -0.1  0.9  0.1  1.0 -1.3  0.3 -0.7 -0.1 -1.3 -0.1 -0.1  1.0
C -2.8 -2.8 -2.8  1.0 -2.8 -2.8  1.1 -0.4 -2.8 -0.0 -2.8  0.9 -2.8 -1.0  0.9 -0.4 -2.8 -0.4 -1.0
G  0.8  1.4 -2.8 -2.8  1.2 -0.0 -2.8 -1.0 -0.0  0.3 -1.0 -1.0  0.6 -0.4 -0.4 -0.0  0.5  0.3 -1.0
T -1.3 -1.3 -1.3  0.1 -2.8  1.0 -0.7  0.6 -1.3 -0.4 -1.3  0.1 -0.4  0.8 -1.3  0.7  0.3  0.1 -1.3
>Nac 17
A -0.0  0.2  0.9 -0.3 -0.3 -0.0 -1.2 -0.6 -1.2 -2.7  1.0 -1.2  0.2 -0.6 -2.7 -0.0  0.4
C -2.7 -0.3 -0.9 -0.9 -2.7  0.0 -2.7  0.8 -2.7  0.0 -2.7 -0.9 -2.7 -0.9  0.5  0.0 -0.3
G  0.5  0.3 -0.9 -2.7 -0.9 -2.7  0.0 -2.7 -0.9 -0.3 -0.3 -0.9  0.7  0.5  1.0  0.3  0.0
T  0.2 -0.3 -0.7  0.8  0.8  0.5  0.8  0.2  1.0  0.7 -1.2  0.9 -0.3  0.3 -1.2 -0.3 -0.3
>NagC 25
A  0.9 -0.4  0.3 -0.4  1.0  0.0 -1.6 -3.0 -3.0  0.2 -0.4 -0.4  0.8  0.2 -0.1  0.4  0.4  1.1  1.2  0.5 -0.6  1.1  0.5 -0.6  0.4
C -1.3  0.4 -1.3 -1.3 -3.0 -3.0 -3.0 -3.0  1.2 -3.0  0.9 -0.3 -0.3  0.4 -3.0  0.4 -3.0 -1.3 -3.0 -3.0 -0.7 -3.0 -0.7  0.7  0.4
G -0.7 -0.0 -3.0 -3.0 -3.0 -1.3 -3.0 -3.0 -3.0  1.0 -3.0  1.0 -1.3 -0.7  1.0 -0.7  0.5 -3.0 -3.0 -0.3 -0.7 -0.7 -0.3  0.2 -3.0
T -1.0  0.0  0.6  0.9 -0.6  0.8  1.1  1.2 -0.2 -1.6  0.0 -1.0 -0.6 -0.2 -0.4 -0.6 -0.4 -3.0 -3.0  0.2  0.8 -3.0 -0.2 -0.6 -0.2
>NanR 7
A -2.3  1.0 -2.3  1.2 -2.3 -2.3  0.1
C -2.3 -2.3 -0.5 -2.3  1.5  1.5 -2.3
G -2.3 -0.5 -2.3 -2.3 -2.3 -2.3 -2.3
T  1.1 -2.3  1.0 -2.3 -2.3 -2.3  0.8
>NarL 17
A  0.3 -1.8  1.1  0.4 -2.7 -0.4  0.4 -1.0  0.4  0.5 -0.3 -1.0 -0.3  0.1 -0.5  0.2  0.8
C  0.1 -1.9 -1.9  0.8  0.9  0.6  0.8 -0.1 -0.3 -0.4  0.2 -1.0 -0.3 -1.9  0.1 -0.2 -1.9
G -0.5 -1.5 -4.2 -1.9 -2.5 -0.1 -4.2 -0.7 -1.9 -2.5  0.1  0.5  0.5  0.4  0.6 -0.7 -0.8
T -0.1  1.1 -1.4 -1.8  0.5 -0.3 -1.0  0.7  0.2  0.2 -0.0  0.5 -0.1  0.2 -0.2  0.2 -0.2
>NarP 16
A -1.1  0.8  0.3 -1.1 -2.6  0.5  0.3  0.5  0.5  0.5 -0.5 -2.6  0.5 -0.5 -1.1  0.8
C -2.6 -0.2  0.7  1.4  1.0  0.7 -2.6 -0.8 -0.2  0.7 -2.6 -0.2 -2.6 -2.6 -0.8 -2.6
G -2.6 -0.8 -0.8 -2.6 -2.6 -2.6 -0.2 -2.6 -0.8 -0.8  1.1  0.2  0.7  1.2 -2.6  0.5
T  1.1 -1.1 -1.1 -2.6  0.3 -1.1  0.3  0.3 -0.2 -2.6 -0.5  0.6 -1.1 -1.1  1.0 -2.6
>NrdR 19
A -1.9  0.7  0.5  0.5 -1.9  0.1 -1.9  0.1  1.1 -1.9  1.1 -1.9  1.0 -1.9  0.5 -1.9 -1.9 -1.9 -0.5
C -1.9 -0.2 -0.2  0.4 -0.2 -0.2  1.5 -1.9 -1.9 -0.2 -1.9 -1.9 -1.9 -1.9 -1.9 -1.9 -1.9 -1.9 -0.2
G -0.2 -1.9 -0.2 -1.9 -0.2  0.4 -1.9 -1.9 -1.9  0.4 -1.9 -1.9 -0.2 -0.2 -1.9  1.5 -0.2  1.3 -0.2
T  0.9 -0.5 -0.5 -0.5  0.7 -0.5 -1.9  0.7 -1.9  0.5 -1.9  1.1 -1.9  0.9  0.5 -1.9  0.9 -0.5  0.5
>NsrR 15
A  0.2  1.0  1.2 -0.0  1.1 -3.7 -2.2 -0.6  0.8 -0.2 -0.0 -0.2 -0.3  0.5  0.1
C -1.0 -3.7 -3.7  0.1 -3.7 -3.7 -3.7  1.0 -1.9 -1.0 -1.0 -1.9  0.1 -0.1  0.2
G -0.3 -3.7 -3.7  0.6 -1.9 -1.9  1.5 -0.7 -0.9 -0.1 -3.7 -1.9 -0.1 -0.7  0.1
T  0.3 -0.5 -3.7 -1.0 -1.6  1.2 -3.7 -0.5 -0.1  0.5  0.8  0.9  0.3 -0.2 -0.5
>NtrC 20
A  0.1  0.2 -0.4 -1.3 -1.8  0.8 -1.8 -0.9  0.9 -1.3 -1.8 -1.3 -0.9 -0.3 -1.3 -0.9 -3.3 -0.9  0.8  0.4
C -3.3 -1.0 -0.1 -3.3  1.5 -0.3  1.3  0.8 -1.6 -3.3 -1.0 -0.6 -0.3 -1.6 -0.6 -0.6 -0.3  1.3 -1.0  0.5
G  0.7 -0.3 -1.6  1.5 -3.3 -0.1 -3.3  0.2 -0.6 -3.3  0.2  0.2 -1.6  1.0  1.3  0.6  1.4 -0.6 -0.1 -0.3
T -0.1  0.3  0.7 -3.3 -1.9 -3.3 -0.5 -0.7 -0.9  1.1  0.7  0.6  0.8 -0.5 -1.3  0.3 -1.9 -3.3 -1.3 -1.3
>OmpR 22
A  0.5  0.7 -0.0  0.6 -0.7 -1.0 -0.7  0.8  0.9 -0.7 -0.0  1.0  0.9  0.9  0.3 -0.0 -0.4  0.5  0.7  0.3  0.7  0.4
C -3.1 -0.4  0.1 -0.1 -0.1 -3.1 -0.4 -1.3 -3.1  1.2  0.5 -3.1 -0.7 -3.1 -0.7 -0.4 -3.1 -3.1 -3.1  0.5 -0.4 -0.4
G -0.3 -0.3 -0.7 -0.1 -0.7  1.2 -1.3 -3.1 -1.3 -3.1 -0.7 -0.3 -0.7  0.1 -0.7  0.5 -3.1 -0.1 -3.1 -0.7 -3.1 -0.7
T  0.2 -0.7  0.2 -1.0  0.6 -0.4  0.8 -0.0 -0.2 -0.7 -0.0 -1.6 -1.6 -1.6  0.4 -0.2  1.0  0.1  0.2 -0.4 -0.2  0.1
>OxyR 20
A  0.4  0.1  0.2 -0.7 -0.1 -0.3  0.3  0.3  0.3  0.7  0.4 -1.3 -0.4  1.0 -3.8 -1.1  0.5 -0.1  0.1 -0.3
C -0.5 -0.5 -0.2 -0.8 -0.1  0.0 -0.5 -1.4 -0.4 -0.5  0.5  1.3 -2.0 -1.4 -3.8  0.6 -3.8  0.7 -0.8 -0.4
G -0.3 -1.4 -0.3  1.1  0.9 -0.7 -1.4 -0.3 -0.2 -0.3 -0.5 -3.8 -0.5 -0.3 -3.8 -0.5  0.2 -0.3 -0.7  0.5
T  0.0  0.6  0.1 -0.9 -1.7  0.5  0.4  0.4  0.0 -0.9 -0.9 -0.4  0.8 -3.8  1.2  0.3 -0.1 -0.6  0.5 -0.0
>PdhR 19
A -2.3  0.4  1.2 -2.3 -2.3 -0.8 -0.8 -0.8  0.1  0.4  0.1  1.2 -2.3  0.1  1.2  0.6 -0.8  0.1 -0.8
C  0.9 -0.5 -2.3  0.1  0.1 -2.3 -2.3 -0.5  0.7 -2.3 -0.5 -2.3  1.4  1.1 -2.3 -2.3 -0.5 -2.3 -2.3
G  0.1 -0.5 -2.3 -2.3 -2.3  1.4  1.4 -2.3 -0.5 -2.3  0.1 -2.3 -0.5 -2.3 -2.3 -0.5 -2.3  0.1 -2.3
T -0.3  0.1 -2.3  0.9  0.9 -2.3 -2.3  0.9 -0.8  0.6  0.1 -2.3 -2.3 -2.3 -2.3  0.1  0.9  0.4  1.0
>PhoB 20
A  0.5 -0.4  0.2 -0.6 -1.8  0.7 -0.6  1.0 -0.6  0.1 -1.2 -0.9 -1.8  0.4 -0.9 -0.9  0.4 -0.2  1.1 -0.1
C -0.6 -0.3 -0.6 -1.5 -0.9 -1.5  1.3 -1.5 -0.6  0.1 -0.6 -1.5 -1.5 -0.3 -0.3 -0.9 -0.9  0.9 -1.5 -0.1
G -0.9 -0.3  0.5 -0.9  0.9 -0.3 -3.3 -1.5  0.7 -3.3 -1.5 -0.5 -1.5  0.5 -1.5  0.9 -0.3 -0.3 -3.3  0.7
T  0.0  0.5 -0.4  0.9  0.2 -0.2 -1.3 -1.3  0.0  0.4  0.9  0.9  1.1 -1.8  0.8 -0.1  0.0 -0.9 -1.8 -0.9
>PhoP 18
A -0.2 -0.3  0.1 -2.1 -0.9 -0.5  0.9 -0.2 -0.9 -0.1  0.2 -0.5 -1.1 -0.5 -2.1 -2.1 -0.7  1.1
C  0.1 -0.8 -0.8 -1.2 -1.8 -1.8 -0.8 -1.2  0.8 -0.0 -0.3  0.6  0.1 -3.6 -3.6 -3.6 -1.8 -3.6
G -0.3 -0.8  0.9 -1.8 -0.8 -1.2 -0.8  0.3  0.1  0.0 -0.3 -0.3 -0.5  1.3 -0.8 -1.2 -0.3 -0.8
T  0.2  0.7 -1.1  1.1  0.9  0.9 -1.5  0.4 -0.5  0.1  0.2 -0.0  0.6 -1.1  1.1  1.1  0.8 -3.6
>PurR 17
A  0.8 -0.7 -3.1 -1.6  1.2  1.2  0.8 -3.1 -3.1 -1.1 -3.1 -3.1 -0.2 -3.1 -1.1 -1.1 -1.6
C -3.1  1.2 -1.4  1.4 -3.1 -3.1 -0.8  1.5 -3.1 -3.1 -3.1 -1.4 -1.4  1.5  0.5 -0.8 -0.4
G  0.3 -0.8  1.5 -1.4 -3.1 -3.1 -1.4 -3.1  1.6  0.1 -1.4 -1.4 -0.8 -3.1  0.3 -1.4 -0.1
T -1.7 -1.1 -3.1 -3.1 -3.1 -3.1 -0.3 -3.1 -3.1  0.8  1.1  1.1  0.7 -1.7 -0.1  0.9  0.7
>PuuR 22
A  0.8  0.8  0.5  0.5 -1.6 -1.6 -1.6  1.1  0.8  0.8  1.1  0.5  1.1 -1.6  0.8  0.8 -1.6 -1.6  0.8  0.5 -1.6  1.1
C -1.6 -1.6  0.2 -1.6  0.2 -1.6 -1.6 -1.6  0.2 -1.6 -1.6 -1.6 -1.6 -1.6 -1.6 -1.6 -1.6  0.2 -1.6  0.8  1.4 -1.6
G -1.6  0.2  0.2  0.8 -1.6  1.1  1.1 -1.6 -1.6 -1.6 -1.6 -1.6 -1.6 -1.6 -1.6 -1.6 -1.6  1.1  0.2 -1.6 -1.6 -1.6
T -0.1 -1.6 -1.6 -1.6  0.8 -0.1 -0.1 -1.6 -1.6 -0.1 -1.6  0.4 -1.6  1.1 -0.1 -0.1  1.1 -1.6 -1.6 -1.6 -1.6 -1.6
>RcsAB 18
A -1.9 -1.9  1.0  1.1 -0.5 -0.5  0.1 -0.5  0.5  0.7 -1.9 -1.9 -1.9  0.1  1.0  0.7  1.1  0.7
C  0.8 -1.9 -1.9 -1.9 -1.9 -1.9 -1.9 -0.2 -0.2 -0.2 -1.9  1.1  1.5 -1.9 -0.2 -1.9 -1.9 -1.9
G -0.2 -1.9 -0.2 -1.9  1.1  1.1  0.4 -1.9 -1.9 -1.9 -1.9 -1.9 -1.9 -0.2 -1.9 -1.9 -1.9 -1.9
T  0.1  1.1 -1.9 -1.9 -0.5 -0.5  0.1  0.7  0.1 -0.5  1.1  0.1 -1.9  0.5 -1.9  0.1 -1.9  0.1
>RhaS 20
A -0.1 -2.2 -2.2 -2.2 -0.7  0.5  0.5 -0.7  0.5  0.9 -0.7  0.5  0.2  0.2  0.5 -0.1 -0.7  0.7  0.5 -2.2
C  0.8  0.2 -0.4 -2.2  1.4  0.2 -2.2  0.5  0.8 -2.2  1.0 -2.2 -2.2  0.2  0.2 -0.4 -2.2 -2.2 -2.2 -0.4
G -2.2 -2.2  0.8  0.8 -2.2  0.2  0.8 -0.4 -2.2 -0.4  0.2  0.8  1.0  0.6 -0.4 -0.4  0.8 -0.4 -0.4  1.2
T -0.2  0.9  0.2  0.5 -2.2 -2.2 -2.2  0.2 -2.2 -0.7 -2.2 -2.2 -2.2 -2.2 -0.7  0.5  0.2 -0.2  0.2 -0.7
>RutR 20
A -0.3 -0.3 -0.3  0.9 -1.8 -0.3  0.6  0.3 -1.8 -1.8  0.3 -1.8 -0.3 -1.8  0.3  1.1 -0.3 -1.8 -0.3 -1.8
C -0.0 -0.0 -1.8 -0.0  1.4  1.2 -1.8 -1.8 -0.0 -1.8 -0.0 -1.8 -1.8  1.4  0.6 -1.8  1.2 -1.8 -0.0 -0.0
G -1.8 -1.8  1.2 -1.8 -1.8 -1.8  0.6 -0.0 -0.0 -1.8  0.6  1.4 -1.8 -1.8 -1.8 -1.8 -1.8  0.6 -1.8 -0.0
T  0.6  0.6 -1.8 -1.8 -1.8 -1.8 -1.8  0.3  0.6  1.1 -1.8 -1.8  0.9 -1.8 -0.3 -1.8 -1.8  0.6  0.6  0.6
>SoxS 22
A  0.1 -0.3  0.3 -0.1 -1.4 -1.4  0.3  0.2 -2.0  0.2  0.1 -0.0 -0.4 -0.1 -0.4 -0.8 -3.5 -3.5 -0.8  0.3 -1.1 -0.1
C -0.8  0.3 -1.7 -1.1 -1.7 -3.5 -0.8 -0.3  0.9  0.4 -1.1 -1.7 -0.8  0.1 -1.7 -1.7 -1.7  1.3  1.0 -1.7  0.1  0.2
G  0.3  0.1  0.2 -1.7 -0.5 -0.7  0.5  0.4 -0.5 -0.1  0.2 -0.7 -1.7 -3.5  1.1 -1.1  1.5 -1.1 -0.5  0.6 -3.5 -0.5
T  0.0 -0.1  0.0  0.8  0.9  1.0 -0.6 -0.6  0.0 -0.8  0.2  0.7  0.8  0.6 -0.6  0.9 -3.5 -0.6 -0.4 -0.4  0.8  0.2
>TrpR 21
A  0.7 -0.5 -0.5  0.7 -1.9 -0.5 -1.9  0.5  1.1 -0.5 -1.9  1.1 -1.9 -1.9  0.1  0.1  0.7  0.1 -1.9  1.0 -1.9
C -1.9  0.8  0.4 -0.2 -0.2  0.8 -1.9 -1.9 -1.9  1.3 -0.2 -1.9 -1.9 -1.9 -1.9  0.8 -1.9  0.8 -1.9 -1.9 -1.9
G -0.2 -0.2 -1.9 -1.9  0.8 -1.9  1.3 -1.9 -1.9 -1.9 -0.2 -1.9  1.5 -1.9 -0.2 -1.9  0.4 -1.9 -0.2 -0.2  1.5
T -0.5 -0.5  0.5 -0.5  0.1  0.1 -0.5  0.5 -1.9 -1.9  0.7 -1.9 -1.9  1.1  0.5 -0.5 -1.9 -0.5  0.9 -1.9 -1.9
>XylR 21
A  0.7  0.7  0.2 -0.1  0.5 -0.7  0.2  1.0  1.0  0.9  0.7  0.7 -0.1 -2.2  0.2 -2.2  1.0  1.0 -0.7  0.2 -0.7
C  0.5 -0.4 -2.2 -2.2 -2.2  0.2  0.2 -2.2 -0.4 -2.2 -2.2 -0.4 -0.4  1.2 -2.2  0.2 -2.2 -2.2  0.2  0.2 -2.2
G -2.2 -0.4  0.2  0.2  0.8 -2.2  0.6 -2.2 -2.2 -2.2 -2.2 -2.2 -0.4 -0.4  0.8 -2.2 -0.4 -0.4 -2.2 -2.2  1.4
T -2.2 -0.7  0.2  0.5 -2.2  0.7 -2.2 -0.7 -2.2 -0.2  0.2 -0.2  0.5 -0.7 -0.7  0.9 -2.2 -2.2  0.7  0.2 -2.2
>YdeO 31
A -0.5 -0.5 -0.5 -1.9  1.0 -0.5 -1.9 -1.9 -0.5 -0.5  1.0 -0.5 -1.9  1.0 -1.9  0.1  0.5  0.5  0.5  1.1 -1.9 -0.5  0.1  0.5  0.7  0.5  0.1  0.1 -0.5  0.1 -1.9
C -1.9 -1.9  0.4  0.8 -1.9 -1.9 -1.9 -0.2  0.4  0.8 -0.2 -0.2  0.4 -1.9 -0.2 -1.9  0.8 -1.9 -0.2 -1.9 -1.9 -1.9 -1.9  0.4 -1.9 -1.9 -1.9  0.4  0.4  0.4  1.3
G  0.4  0.4 -0.2 -0.2 -1.9 -0.2 -1.9 -1.9 -1.9 -1.9 -1.9  0.4  0.8 -0.2 -1.9 -0.2 -1.9 -1.9  0.4 -1.9  0.8  1.3  0.4 -0.2 -0.2 -0.2 -0.2 -1.9 -0.2 -0.2 -1.9
T  0.5  0.5  0.1  0.1 -0.5  0.7  1.1  0.9  0.5  0.1 -1.9  0.1 -0.5 -1.9  0.9  0.5 -1.9  0.5 -1.9 -1.9  0.5 -1.9  0.1 -1.9 -0.5  0.1  0.5  0.1  0.1 -0.5 -0.5
>Cbl 40
A  0.77 -5.89 -5.89  0.77  1.76 -5.89 -5.89 -5.89 -5.89  1.76 -5.89  0.77 -5.89 -5.89 -5.89  1.76  0.77  0.77  0.77  0.77  0.77  0.77 -5.89  0.77 -5.89  0.77  0.77  0.77 -5.89  0.77  0.77  0.77  0.77 -5.89 -5.89 -5.89  0.77 -5.89  0.77 -5.89
C  1.25 -5.40 -5.40 -5.40 -5.40 -5.40 -5.40 -5.40  1.25 -5.40 -5.40 -5.40 -5.40 -5.40  1.25 -5.40 -5.40 -5.40  1.25 -5.40 -5.40 -5.40 1.25  1.25 -5.40 -5.40  1.25 -5.40  2.25  1.25 -5.40 -5.40 -5.40 -5.40 -5.40 -5.40 -5.40 -5.40 -5.40  1.25
G -5.38  1.28 -5.38 -5.38 -5.38  1.28 -5.38  1.28 -5.38 -5.38 -5.38 -5.38 -5.38 -5.38 -5.38 -5.38  1.28 -5.38 -5.38 -5.38 -5.38 -5.38  1.28  -5.38 -5.38 -5.38 -5.38  1.28 -5.38 -5.38  1.28 -5.38 -5.38 -5.38 -5.38 -5.38 -5.38 -5.38  1.28 -5.38
T -5.92  0.74  1.73  0.74 -5.92  0.74  1.73  0.74  0.74 -5.92  1.73  0.74  1.73  1.73  0.74 -5.92 -5.92  0.74 -5.92  0.74  0.74  0.74 -5.92  -5.92  1.73  0.74 -5.92 -5.92 -5.92 -5.92 -5.92  0.74  0.74  1.73  1.73  1.73  0.74  1.73 -5.92  0.74
>BtsR 12
A  0.59  0.59 -0.22 -1.22 -1.22  0.59  0.37  0.10  1.10  0.10 -2.21 -2.21
C  0.27 -0.15 -0.15 -0.15  1.07 -1.72 -8.38 -0.15 -1.72 -8.38  0.59 -8.38
G -0.12 -0.70 -1.70 -0.70 -0.70 -1.70 -8.36  1.10  0.61  1.10 -1.70  0.29
T -1.25 -0.25  0.75  0.92  0.07  0.56  1.07 -2.24 -8.90 -0.25  0.92  1.21
>PyrR 11
A  0.77 -5.89 -5.89 -5.89  1.76 -5.89 -5.89 -5.89 -5.89  1.76 -5.89
C -5.40 -5.40 -5.40  2.25 -5.40 -5.40 -5.40 -5.40  2.25 -5.40 -5.40
G -5.38  2.27  2.27 -5.38 -5.38 -5.38 -5.38 -5.38 -5.38 -5.38 -5.38
T  0.74 -5.92 -5.92 -5.92 -5.92  1.73  1.73  1.73 -5.92 -5.92  1.73
>AllR 17
A -6.47 -6.47 -6.47 -6.47  1.77  1.77  1.18  1.77  1.18 -6.47  0.19 -6.47 -6.47 -6.47 -6.47  1.77  1.77
C -5.98 -5.98 -5.98 -5.98 -5.98 -5.98 -5.98 -5.98 -5.98 -5.98 -5.98 -5.98 -5.98  2.25  2.25 -5.98 -5.98
G -5.96 -5.96  2.28  2.28 -5.96 -5.96 -5.96 -5.96 -5.96 -5.96 -5.96 -5.96 -5.96 -5.96 -5.96 -5.96 -5.96
T  1.74  1.74 -6.50 -6.50 -6.50 -6.50  0.16 -6.50  0.16  1.74  1.15  1.74  1.74 -6.50 -6.50 -6.50 -6.50
>IlvY 18
A -0.80  1.19 -0.80 -7.46 -7.46  0.19  1.19  0.78  0.78  0.78  0.19 -7.46 -7.46 -7.46  1.19  1.19  1.19 -0.80
C  0.68 -6.97 -6.97 -6.97  0.68  1.68 -6.97 -6.97 -6.97 -6.97 -0.31 -0.31 -6.97  0.68  0.68 -6.97 -6.97  0.68
G -0.29 -6.95 -6.95 -0.29  1.70 -6.95  0.70  0.70 -6.95 -6.95 -6.95 -6.95  0.70  1.70 -6.95 -6.95 -6.95 -0.29
T  0.16  0.16  1.48  1.48 -7.49 -7.49 -7.49 -0.83  0.75  0.75  0.75  1.48  1.16 -7.49 -7.49  0.16  0.16  0.16
>PlaR 21
A  1.76 -5.89 -5.89 -5.89 -5.89  1.76  1.76  1.76 -5.89 -5.89  0.77  0.77  0.77 -5.89 -5.89 -5.89 -5.89  0.77  0.77  1.76 -5.89
C -5.40 -5.40 -5.40  1.25 -5.40 -5.40 -5.40 -5.40  1.25  1.25 -5.40 -5.40 -5.40 -5.40 -5.40 -5.40  2.25 -5.40  1.25 -5.40 -5.40
G -5.38 -5.38  1.28 -5.38  2.27 -5.38 -5.38 -5.38 -5.38 -5.38 -5.38  1.28  1.28 -5.38 -5.38 -5.38 -5.38  1.28 -5.38 -5.38 -5.38
T -5.92  1.73  0.74  0.74 -5.92 -5.92 -5.92 -5.92  0.74  0.74  0.74 -5.92 -5.92  1.73  1.73  1.73 -5.92 -5.92 -5.92 -5.92  1.73
>AtoC 20 
A -5.89 -5.89  0.77 -5.89 -5.89 -5.89  1.76  0.77  0.77  0.77  0.77 -5.89 -5.89 -5.89 -5.89 -5.89  1.76 -5.89  1.76 -5.89
C  1.25 -5.40 -5.40  1.25 -5.40  2.25 -5.40 -5.40 -5.40 -5.40 -5.40 -5.40  1.25 -5.40 -5.40  2.25 -5.40  1.25 -5.40 -5.40
G  1.28 -5.38  1.28 -5.38  2.27 -5.38 -5.38  1.28 -5.38 -5.38 -5.38 -5.38 -5.38 -5.38  2.27 -5.38 -5.38 -5.38 -5.38  2.27
T -5.92  1.73 -5.92  0.74 -5.92 -5.92 -5.92 -5.92  0.74  0.74  0.74  1.73  0.74  1.73 -5.92 -5.92 -5.92  0.74 -5.92  5.92
>CusR 17
A  1.36  0.77 -0.22  0.77  0.77  1.36  1.77  1.36  0.77 -0.22 -6.88 -6.88 -6.88 -0.22  0.77  0.77 -6.88
C  0.27 -6.39 -6.39 -6.39  1.26  0.27 -6.39 -6.39 -6.39 -6.39 -6.39 -6.39 -6.39  0.27  0.27 -6.39 -6.39
G -6.37 -6.37  0.29  0.29 -6.37 -6.37 -6.37 -6.37  0.29 -6.37 -6.37  1.28  1.28  0.29  0.29 -6.37  0.29
T -6.91  0.74  0.74 -0.25 -6.91 -6.91 -6.91 -0.25 -0.25  1.33  1.74  0.74  0.74 -0.25 -6.91  0.74  1.33
>HprR 19
A  1.36  1.36  0.77 -0.22  0.77  0.77  1.36  1.77  1.36  0.77 -0.22 -6.88 -6.88 -6.88 -0.22  0.77  0.77 -6.88 -6.88
C  0.27  0.27 -6.39 -6.39 -6.39  1.26  0.27 -6.39 -6.39 -6.39 -6.39 -6.39 -6.39 -6.39  0.27  0.27 -6.39 -6.39  0.27
G -6.37 -6.37 -6.37  0.29  0.29 -6.37 -6.37 -6.37 -6.37  0.29 -6.37 -6.37  1.28  1.28  0.29  0.29 -6.37  0.29  0.29
T -6.91 -6.91  0.74  0.74 -0.25 -6.91 -6.91 -6.91 -0.25 -0.25  1.33  1.74  0.74  0.74 -0.25 -6.91  0.74  1.33  0.74
>CueR 19
A -6.47 -6.47 -6.47 -6.47 -6.47 -6.47 -6.47 -6.47 -6.47  0.19 -6.47 -6.47 -6.47 -6.47 -6.47  1.77  1.77  0.19 -6.47
C  1.67  2.25  0.68 -5.98  2.25  2.25  2.25  1.67 -5.98 -5.98 -5.98  2.25 -5.98 -5.98 -5.98 -5.98 -5.98 -5.98 -5.98
G  0.70 -5.96 -5.96 -5.96 -5.96 -5.96 -5.96  0.70 -5.96 -5.96  1.70 -5.96 -5.96  2.28  2.28 -5.96 -5.96  1.70  2.28
T -6.50 -6.50  1.15  1.74 -6.50 -6.50 -6.50 -6.50  1.74  1.15  0.16 -6.50  1.74 -6.50 -6.50 -6.50 -6.50 -6.50 -6.50
>PrpR 24
A -0.22 -6.88 -6.88 -6.88 -6.88  1.36 -6.88 -0.22  0.77  0.77  1.36 -0.22 -6.88 -0.22 -0.22 -0.22  0.77  1.36 -6.88 -6.88  1.36  1.77  1.77 -6.88
C -6.39 -6.39 -6.39 -6.39  2.26  0.27 -6.39 -6.39 -6.39  0.27 -6.39  1.26  0.27 -6.39 -6.39  0.27  0.27  0.27 -6.39 -6.39  0.27 -6.39 -6.39  1.84
G  1.87 -6.37 -6.37  0.29 -6.37 -6.37  0.29  0.29  0.29 -6.37 -6.37  0.29  1.28 -6.37  0.29 -6.37 -6.37 -6.37  0.29  2.28 -6.37 -6.37 -6.37 -6.37
T -6.91  1.74  1.74  1.33 -6.91 -6.91  1.33  0.74 -0.25 -0.25 -0.25 -6.91 -0.25  1.33  0.74  0.74 -0.25 -6.91  1.33 -6.91 -6.91 -6.91 -6.91 -0.25
>RbsR 20
A -6.47 -6.47  1.18  0.19  0.19  0.19  1.77  1.77  1.18 -6.47 -6.47 -6.47 -6.47 -6.47 -6.47 -6.47 -6.47  0.19  0.19  1.18
C -5.98  0.68 -5.98  0.68  0.68  0.68 -5.98 -5.98 -5.98  2.25 -5.98 -5.98 -5.98 -5.98  1.67  0.68  1.67 -5.98 -5.98 -5.98
G  0.70 -5.96  0.70  0.70  0.70  0.70 -5.96 -5.96 -5.96 -5.96  2.28 -5.96 -5.96  0.70 -5.96  1.70  0.70 -5.96  0.70 -5.96
T  1.15  1.15 -6.50 -6.50 -6.50 -6.50 -6.50 -6.50  0.16 -6.50 -6.50  1.74  1.74  1.15  0.16 -6.50 -6.50  1.15  0.16  0.16
>ZntR 22
A  1.74 -4.92 -4.92 -4.92 -4.92 -4.92 -4.92  1.74 -4.92 -4.92 -4.92 -4.92  1.74 -4.92 -4.92 -4.92 -4.92  1.74 -4.92  1.74 -4.92 -4.92
C -4.43  2.23 -4.43  2.23 -4.43 -4.43 -4.43 -4.43 -4.43 -4.43  2.23 -4.43 -4.43  2.23 -4.43  2.23  2.23 -4.43 -4.43 -4.43 -4.43 -4.43
G -4.41 -4.41 -4.41 -4.41 -4.41  2.25  2.25 -4.41  2.25 -4.41 -4.41  2.25 -4.41 -4.41 -4.41 -4.41 -4.41 -4.41  2.25 -4.41  2.25 -4.41
T -4.95 -4.95  1.71 -4.95  1.71 -4.95 -4.95 -4.95 -4.95  1.71 -4.95 -4.95 -4.95 -4.95  1.71 -4.95 -4.95 -4.95 -4.95 -4.95 -4.95  1.71
>Zur 24
A -6.47  0.19  1.18  0.19  1.18 -6.47 -6.47 -6.47  0.19  1.18  0.19  1.18  1.18  0.19  1.18  0.19  1.18  1.18  0.19  1.18 -6.47 -6.47 -6.47  1.18
C -5.98 -5.98 -5.98 -5.98 -5.98 -5.98 -5.98 -5.98 -5.98 -5.98 -5.98 -5.98 -5.98  0.68 -5.98 -5.98  0.68  0.68  1.67 -5.98  0.68 -5.98  0.68  0.68
G  1.70  1.70 -5.96  0.70 -5.96  0.70  1.70  0.70 -5.96 -5.96 -5.96 -5.96 -5.96 -5.96 -5.96 -5.96 -5.96 -5.96 -5.96 -5.96  0.70  0.70 -5.96 -5.96
T  0.16 -6.50  0.16  0.16  0.16  1.15  0.16  1.15  1.15  0.16  1.15  0.16  0.16  0.16  0.16  1.15 -6.50 -6.50 -6.50  0.16  0.16  1.15  1.15 -6.50